%YAML:1.0
---
R: !!opencv-matrix
   rows: 3
   cols: 3
   dt: d
   data: [ 9.9893831944878464e-01, 3.7128264851355364e-04,
       4.6066214149121064e-02, -1.6312266948956349e-03,
       9.9962551362406382e-01, 2.7316141954829190e-02,
       -4.6038820969999096e-02, -2.7362285376434335e-02,
       9.9856483630391812e-01 ]
T: !!opencv-matrix
   rows: 3
   cols: 1
   dt: d
   data: [ -2.7306754511516389e+00, -6.3718469891317894e-02,
       2.1566267382464843e-01 ]
Rl: !!opencv-matrix
   rows: 3
   cols: 3
   dt: d
   data: [ 9.9915390389011571e-01, 2.5770641911711616e-02,
       -3.2052306572223341e-02, -2.5339676591288860e-02,
       9.9958391891924270e-01, 1.3780051824934986e-02,
       3.2394090994969239e-02, -1.2956197494146922e-02,
       9.9939119458553471e-01 ]
Rr: !!opencv-matrix
   rows: 3
   cols: 3
   dt: d
   data: [ 9.9662616139633864e-01, 2.3255599280775596e-02,
       -7.8711317626445149e-02, -2.4306850966296503e-02,
       9.9962734096869321e-01, -1.2424016418310395e-02,
       7.8393057195783586e-02, 1.4295324059012605e-02,
       9.9682003004230724e-01 ]
Pl: !!opencv-matrix
   rows: 3
   cols: 4
   dt: d
   data: [ 9.3286036738102428e+02, 0., 3.6914662742614746e+02, 0., 0.,
       9.3286036738102428e+02, 2.4434061241149902e+02, 0., 0., 0., 1.,
       0. ]
Pr: !!opencv-matrix
   rows: 3
   cols: 4
   dt: d
   data: [ 9.3286036738102428e+02, 0., 3.6914662742614746e+02,
       -2.5559623088668200e+03, 0., 9.3286036738102428e+02,
       2.4434061241149902e+02, 0., 0., 0., 1., 0. ]
Q: !!opencv-matrix
   rows: 4
   cols: 4
   dt: d
   data: [ 1., 0., 0., -3.6914662742614746e+02, 0., 1., 0.,
       -2.4434061241149902e+02, 0., 0., 0., 9.3286036738102428e+02, 0.,
       0., 3.6497422678920710e-01, 0. ]
