%YAML:1.0
---
L_cameraMatrix: !!opencv-matrix
   rows: 3
   cols: 3
   dt: d
   data: [ 9.3163937221286380e+02, 0., 3.1049199735474053e+02, 0.,
       9.3111111243085520e+02, 2.6407044188276512e+02, 0., 0., 1. ]
L_cameraDistcoeffs: !!opencv-matrix
   rows: 1
   cols: 5
   dt: d
   data: [ -5.8983108821519992e-01, 3.4581621309901371e+00,
       -1.4876312562283264e-03, 6.8252976550466180e-04,
       -2.1781767026825730e+01 ]
R_cameraMatrix: !!opencv-matrix
   rows: 3
   cols: 3
   dt: d
   data: [ 9.3206911165491624e+02, 0., 2.9157366287657544e+02, 0.,
       9.3460962233119335e+02, 2.1425984443881387e+02, 0., 0., 1. ]
R_cameraDistcoeffs: !!opencv-matrix
   rows: 1
   cols: 5
   dt: d
   data: [ -2.5998669152148424e-01, -7.1511693373428900e+00,
       -1.3849944610914776e-03, 2.8584933281864656e-03,
       6.0047518111028936e+01 ]
