%YAML:1.0
---
Camera_type: "PinHole"
Camera_fx: 5.7736612975356729e+02
Camera_fy: 5.7740185161531519e+02
Camera_cx: 3.2057484410309843e+02
Camera_cy: 2.3244032095644445e+02
Camera_k1: 1.4354431291914752e-01
Camera_k2: -5.1397928264018877e-01
Camera_p1: -3.4027469642558024e-04
Camera_p2: 2.7199026964353282e-04
Camera_k3: 1.0741091073001834e+00
Camera_width: 640
Camera_height: 480
Camera_bf: 6.7551837181167372e+01
Camera_fps: 30
Camera_RGB: 1
ThDepth: 40.
DepthMapFactor: 1000
ORBextractor_nFeatures: 1000
ORBextractor_scaleFactor: 1.2000000000000000e+00
ORBextractor_nLevels: 8
ORBextractor_iniThFAST: 20
ORBextractor_minThFAST: 7
Viewer_KeyFrameSize: 5.0000000000000003e-02
Viewer_KeyFrameLineWidth: 1
Viewer_GraphLineWidth: 9.0000000000000002e-01
Viewer_PointSize: 2
Viewer_CameraSize: 8.0000000000000002e-02
Viewer_CameraLineWidth: 3
Viewer_ViewpointX: 0
Viewer_ViewpointY: -6.9999999999999996e-01
Viewer_ViewpointZ: -1.8000000000000000e+00
Viewer_ViewpointF: 500
